150.72
157.04
157.07
154.64
154.33
162.24
165.06
170.56
167.68
163.99
162.8
163.89
160.67
164.29
165.49
162.76
167.11
164.04
165.87
173.86
172.35
173.02
170.92
167.01
170.28
168.5
172.73
175.42
179.25
179.66
184.56
185.27
183.77
185.23
186.14
183.61
185.32
186.47
185.34
191.6
191.33
206.38
201.23
204.02
200.87
195.41
195.3
191.81
200.21
197.98
198.37
198.05
196.0
192.91
195.55
189.66
191.01
192.04
193.95
195.49
196.87
191.79
189.43
189.3
191.24
192.76
195.6
196.11
194.63
191.41
188.51
188.4
195.42
196.66
189.82
191.96
195.4
185.17
175.37
174.71
172.64
174.37
171.34
171.49
168.95
169.23
169.12
167.65
164.76
167.63
175.98
178.12
175.3
172.49
175.58
178.88
181.62
180.35
178.35
180.75
176.51
169.74
169.24
171.29
171.11
174.46
169.68
166.72
165.27
162.72
162.78
165.14
164.07
163.42
162.93
165.16
165.46
164.96
163.24
162.08
161.86
164.38
162.98
167.06
165.86
165.86
166.99
165.85
163.95
162.73
161.49
162.29
161.85
163.59
162.14
159.81
159.32
158.06
157.46
154.69
151.16
148.66
148.71
150.92
157.24
156.45
157.36
163.38
161.78
162.85
164.68
166.16
165.62
163.8
165.85
167.18
166.67
162.96
161.3
160.37
164.16
162.29
163.67
162.03
158.94
158.29
159.25
166.66
170.76
171.54
170.29
169.53
167.0
167.28
172.63
181.79
181.67
177.66
177.69
181.02
183.92
186.53
185.07
185.57
191.18
188.98
189.03
190.6
185.82
185.24
182.99
182.15
185.41
183.88
184.03
179.22
179.63
176.3
175.09
177.24
176.79
175.16
177.79
176.62
175.01
174.46
176.73
175.41
173.79
173.17
172.5
172.11
175.9
176.4
174.99
173.55
176.38
177.85
176.92
176.06
174.18
172.51
170.34
169.14
168.65
169.96
169.38
171.25
168.1
167.24
166.62
163.86
162.78
166.15
171.95
156.0
159.13
158.26
156.28
154.09
156.01
155.47
154.4
154.86
157.73
159.41
156.14
156.6
154.85
152.5
150.53
