74.51
75.74
74.57
74.68
73.65
75.07
74.58
74.17
74.29
73.35
74.41
74.33
73.29
72.26
70.89
69.75
68.12
68.12
71.27
71.27
70.39
69.66
69.89
72.2
71.12
69.25
68.91
69.31
69.37
69.85
69.85
69.42
69.67
68.98
70.53
72.58
73.16
82.66
83.42
82.86
82.24
81.53
81.88
81.47
82.08
80.64
80.36
81.11
79.23
79.29
78.52
78.91
78.78
78.71
78.04
78.35
78.63
77.13
79.35
79.16
79.04
80.26
80.09
80.77
80.59
81.6
82.26
82.34
81.4
81.46
80.14
80.34
83.17
83.05
84.1
84.91
85.28
84.83
83.78
85.34
85.49
85.25
85.24
85.13
85.3
85.55
84.94
84.41
86.08
85.5
85.9
86.08
88.42
87.82
88.46
88.88
87.62
88.72
88.07
86.68
86.44
86.57
89.7
89.1
89.73
90.72
90.01
90.87
89.72
90.33
89.9
89.51
90.66
90.95
89.92
89.79
89.05
87.79
86.75
86.49
86.37
85.91
84.3
84.63
83.71
83.46
83.67
83.75
83.13
82.94
82.31
84.03
84.39
84.06
84.41
84.43
85.04
85.03
84.14
84.25
83.53
83.42
82.39
81.36
82.47
82.4
82.63
82.45
81.33
81.24
81.53
80.38
79.27
78.7
79.21
78.52
79.16
79.0
78.48
78.09
78.26
76.13
77.59
76.43
76.45
76.54
72.8
74.36
75.09
76.83
76.74
75.72
75.68
74.51
75.33
75.1
75.32
75.25
76.04
77.26
76.91
76.11
76.42
75.58
73.92
73.72
74.85
75.42
75.81
75.23
74.27
75.36
74.63
74.99
75.2
75.55
75.96
76.48
77.05
76.12
76.57
77.07
76.95
75.83
77.29
77.51
76.37
75.96
76.07
76.04
75.88
74.08
74.48
75.13
77.79
76.31
77.24
78.11
77.72
78.36
77.56
77.48
76.39
75.75
74.64
73.71
74.05
74.31
70.45
70.72
69.43
67.2
67.92
69.44
69.6
70.47
70.81
71.9
71.3
70.73
70.0
70.35
70.7
70.72
70.95
72.16
72.63
73.87
73.08
72.44
71.9
