216.9
226.15
222.01
220.83
216.13
219.18
221.69
222.62
221.79
218.09
221.79
220.35
216.94
218.16
214.61
209.45
211.33
213.41
214.62
218.04
219.95
225.96
223.92
237.79
235.69
231.58
229.71
232.38
232.09
232.34
234.43
236.34
236.28
230.6
229.87
227.73
229.89
230.65
230.06
231.24
229.53
214.22
216.62
216.04
215.91
212.51
211.72
213.13
208.84
206.49
209.45
208.98
208.58
206.26
204.25
204.47
201.53
200.51
205.23
203.82
205.63
208.57
205.98
205.42
206.27
207.95
210.29
209.45
206.71
206.05
202.26
201.76
204.15
203.38
204.66
204.85
203.96
201.54
202.89
207.28
204.0
215.85
215.38
218.51
220.96
220.59
222.45
221.76
221.56
217.41
217.94
215.12
212.74
210.92
210.85
213.18
214.06
214.86
210.7
208.87
211.2
203.02
200.82
202.05
197.9
199.81
200.91
201.42
199.52
203.29
202.36
199.67
197.17
197.29
195.74
197.7
194.02
193.23
190.35
187.99
187.74
187.94
184.98
185.42
183.36
182.45
181.31
179.65
178.38
177.4
176.8
177.35
179.31
177.61
178.78
175.23
175.3
175.35
174.89
173.63
171.02
172.4
172.44
170.02
172.51
173.62
173.91
174.6
172.95
171.83
170.17
169.85
169.81
168.79
168.33
168.04
167.91
167.32
165.72
164.03
162.46
161.1
161.59
160.15
156.22
157.34
154.77
158.92
161.39
163.57
163.11
162.71
159.94
156.01
161.16
157.22
158.63
156.04
157.69
157.96
157.14
155.39
153.2
151.25
148.89
151.09
150.98
150.51
148.79
149.39
147.14
149.04
149.08
149.75
148.88
150.27
149.79
149.94
149.49
149.73
148.94
148.26
148.02
148.0
149.6
151.42
150.56
149.31
147.99
148.47
149.76
147.88
147.82
148.42
150.34
150.2
152.57
152.77
151.34
152.71
152.84
155.01
153.68
153.22
154.22
154.67
153.29
153.04
150.59
149.22
149.17
148.86
152.67
154.32
155.89
153.29
152.25
155.39
148.8
148.62
146.91
147.1
146.4
148.19
151.2
153.59
153.78
155.38
157.85
157.38
154.91
