38.26
42.68
42.16
41.62
41.92
43.99
44.73
48.15
48.36
44.36
43.66
42.8
40.1
42.02
39.24
36.02
38.92
36.36
35.63
44.42
44.84
48.12
46.22
46.89
50.1
48.78
48.85
45.92
49.93
51.6
56.06
59.23
60.44
65.28
63.8
55.91
53.34
56.27
55.86
53.17
54.2
52.58
51.9
51.95
53.0
51.15
49.4
47.74
51.12
50.36
50.16
50.0
48.15
46.08
45.56
41.76
39.59
40.08
40.81
40.56
42.71
41.35
39.44
37.26
38.28
39.02
40.38
39.58
37.5
38.33
36.94
37.08
41.63
43.2
40.2
39.33
37.84
37.36
39.54
41.67
38.92
40.0
38.64
37.62
37.54
37.65
36.42
37.85
36.65
35.09
36.08
35.24
35.0
32.32
32.22
31.91
33.0
32.8
30.54
29.36
29.86
24.96
24.32
23.97
23.49
28.21
28.03
27.88
27.06
27.22
26.7
27.41
26.97
26.83
26.32
26.93
26.8
27.0
26.27
25.5
25.65
25.61
23.32
22.89
22.43
22.63
22.33
23.42
23.89
22.43
22.39
22.77
22.7
22.73
22.81
22.95
22.64
22.21
22.07
21.64
20.64
19.7
19.66
18.94
19.67
19.11
19.37
20.12
20.17
20.32
21.36
20.96
21.12
19.89
20.18
19.83
20.28
19.98
19.55
18.65
18.41
18.54
17.92
17.73
17.12
17.21
16.42
17.88
20.24
20.57
20.4
21.18
21.2
21.18
21.41
22.87
23.42
23.41
22.83
24.18
24.63
23.94
22.28
22.04
22.32
22.6
22.09
22.68
22.89
22.46
22.79
22.71
22.59
22.31
22.14
21.37
22.29
21.73
21.86
22.25
22.42
23.31
23.7
23.22
23.42
22.18
22.97
21.57
20.78
21.28
20.9
21.84
21.085
20.47
20.51
19.24
19.66
20.96
20.84
20.09
17.9
18.52
18.02
16.89
16.23
17.3
17.85
17.99
17.78
17.95
17.61
16.65
16.49
17.34
17.88
17.12
17.31
17.62
17.19
16.63
17.08
17.08
17.31
17.19
17.97
19.0
18.34
18.3
18.56
18.4
18.45
