598.53
620.91
613.78
613.99
598.92
615.3
614.86
618.72
613.09
604.04
600.42
603.11
599.03
602.11
598.8
581.32
591.14
586.71
579.78
609.61
606.37
617.51
598.07
601.09
613.84
600.42
625.51
555.63
567.24
565.47
579.08
582.19
579.94
587.38
583.9
576.54
585.88
586.84
578.85
590.2
588.26
591.72
600.76
601.51
604.6
592.99
600.66
606.62
597.95
598.3
611.68
609.41
604.13
607.27
621.45
623.8
613.22
623.43
626.05
615.43
625.16
630.23
622.79
628.5
630.3
638.57
646.19
645.29
638.3
643.39
636.95
649.81
677.77
671.5
656.45
672.25
670.56
647.07
646.58
646.47
648.7
654.64
636.02
634.07
641.73
636.17
638.83
634.62
640.12
678.7
650.6
644.17
678.81
687.87
700.76
706.25
699.47
697.35
684.22
674.15
648.39
618.83
619.01
621.74
610.3
621.11
623.7
612.09
609.27
603.98
602.01
609.59
613.93
613.29
609.23
609.39
617.89
617.16
616.68
619.3
621.61
613.37
602.43
610.67
603.81
607.28
606.28
621.0
619.03
636.83
634.74
638.2
641.97
644.99
654.24
633.07
644.82
646.25
655.31
646.37
643.92
633.62
626.99
615.12
621.48
623.1
624.81
630.26
622.8
617.04
626.32
617.12
619.85
665.29
670.49
667.28
663.3
653.53
652.14
636.74
645.83
627.41
630.2
626.12
609.45
612.29
602.97
623.92
637.82
647.35
635.8
636.36
633.36
626.32
620.24
637.1
644.52
636.56
637.47
658.91
666.15
658.18
641.95
629.41
632.84
650.42
659.58
668.75
659.9
656.22
650.77
657.21
651.44
637.48
630.47
623.88
632.15
616.08
609.68
602.52
595.7
594.62
592.22
566.7
567.24
573.9
572.65
574.27
572.06
567.22
576.44
562.97
598.28
600.02
606.99
662.26
670.27
667.82
670.15
661.18
653.37
655.13
635.42
627.19
632.31
626.86
632.43
641.15
634.64
629.27
614.04
615.2
625.62
638.39
636.55
626.39
635.49
630.88
609.77
605.17
608.38
613.21
611.49
612.12
621.11
627.71
628.36
644.09
645.28
635.74
621.28
