61.71
67.15
66.1
65.25
65.15
68.86
69.97
70.86
70.97
70.19
69.67
70.0
68.88
69.65
68.95
66.91
68.62
67.98
68.16
70.48
68.08
69.5
67.48
69.75
71.05
70.73
72.05
74.07
75.25
74.95
77.63
78.36
78.62
77.97
76.59
76.27
76.21
78.24
77.31
78.57
79.2
77.725
89.51
88.58
89.57
88.76
88.19
90.24
89.11
89.73
89.85
89.77
91.81
88.92
89.64
87.18
83.99
83.36
87.94
87.97
89.53
87.6
86.18
85.35
85.43
86.86
88.14
88.25
86.9
87.13
86.78
85.45
90.86
91.3
91.02
89.4
90.75
88.76
90.0
89.88
89.045
89.33
85.14
86.53
86.77
86.57
86.94
87.77
86.77
84.82
84.74
84.09
84.67
85.83
85.79
87.31
86.4
86.94
83.01
81.35
81.41
79.25
78.13
77.25
79.3
78.22
80.28
83.59
81.7
81.39
80.83
80.91
80.56
80.94
79.82
80.82
79.55
80.67
80.51
78.98
81.65
81.16
80.26
79.36
77.31
77.44
77.47
78.03
77.88
80.08
77.36
78.34
77.67
76.76
77.57
73.12
71.77
71.07
70.1
70.36
69.35
68.85
69.35
68.89
72.03
72.61
72.0
72.43
73.16
70.43
71.59
72.04
71.7
71.52
71.46
71.89
69.43
67.96
67.94
66.14
65.11
63.46
64.72
64.28
62.74
62.75
60.46
61.98
65.31
65.78
64.0
58.94
58.29
57.22
58.07
59.71
60.77
59.33
60.0
61.24
61.81
60.47
60.27
59.99
58.9
59.0
59.09
59.76
59.64
58.97
57.81
58.03
58.37
58.26
59.33
59.49
60.61
59.8
59.12
60.13
60.635
61.54
63.43
64.77
67.09
67.3
67.02
63.53
63.33
63.46
62.99
62.51
61.05
62.17
61.64
61.58
62.19
64.1
64.77
64.48
64.1
63.9
64.58
63.95
62.93
64.45
63.81
65.92
65.61
65.7
66.98
66.14
67.92
66.99
65.96
64.1
64.84
64.43
63.19
62.31
62.1
63.26
63.43
63.51
64.59
65.8
65.88
67.0
66.34
65.15
64.54
