10.64
12.31
11.91
11.63
11.85
12.2
13.07
13.54
13.72
12.87
12.64
12.73
11.95
12.32
12.09
11.39
11.92
11.26
11.18
12.59
12.45
13.43
13.09
13.57
14.47
14.07
14.47
13.92
14.36
14.67
15.56
16.18
16.83
16.21
15.19
14.77
14.83
15.13
14.91
14.8
15.49
15.29
15.4
15.78
16.44
15.99
16.17
16.08
17.92
18.03
17.59
17.9
16.5
16.3
15.51
14.5
14.07
14.15
14.55
14.91
15.29
14.84
14.13
15.4
15.63
15.98
16.6
16.02
15.63
15.35
15.03
15.24
16.66
16.88
16.25
15.9
15.94
15.29
15.57
16.02
15.65
16.32
15.88
15.91
16.41
16.12
15.49
15.7
15.6
15.01
14.67
14.42
13.93
13.63
13.4
13.5
13.82
14.11
13.01
11.9
11.81
11.42
10.91
11.04
11.17
11.22
10.47
11.19
10.99
10.93
10.42
10.58
10.4
10.18
9.87
10.04
10.18
10.04
9.01
8.63
8.59
8.41
8.27
8.39
7.83
7.79
7.63
7.86
7.95
7.76
7.73
7.83
7.92
8.05
8.19
8.11
8.12
8.06
7.74
7.46
7.31
7.05
7.08
7.01
7.26
7.48
7.53
7.99
8.03
7.49
7.77
7.67
7.52
7.19
7.3
7.37
7.46
7.0
6.91
6.61
6.64
6.48
6.64
6.64
6.32
6.43
6.54
6.65
7.16
7.54
7.42
7.33
7.41
7.27
7.1
7.43
7.54
7.47
7.53
7.84
7.75
7.33
6.97
6.77
6.57
6.38
6.35
6.47
6.52
6.45
6.43
6.61
6.54
6.46
6.45
6.54
6.32
6.32
6.42
6.46
6.46
6.8
7.07
7.0
7.03
6.99
7.08
6.91
6.72
6.77
6.9
6.91
6.85
6.89
6.92
6.83
7.02
7.08
7.19
7.28
7.12
7.27
7.47
7.11
6.94
7.06
7.05
7.06
7.16
6.96
6.99
6.92
6.78
7.045
7.87
7.59
7.6
7.58
7.25
7.11
7.13
7.16
7.2
7.12
7.33
7.64
7.56
7.89
7.76
7.4
7.31
