85.96
88.70
92.67
87.53
85.77
91.91
90.89
87.94
87.84
88.46
89.40
90.37
91.44
94.29
95.00
92.56
90.25
90.36
90.36
89.45
88.96
85.91
88.01
87.13
85.35
87.04
90.62
88.19
86.00
87.42
84.04
84.67
76.20
79.52
82.42
79.68
82.63
87.74
87.76
86.40
83.04
85.82
88.79
92.14
90.55
90.41
88.75
89.88
90.40
91.36
94.63
94.36
92.48
94.78
95.39
94.95
103.80
106.47
113.90
114.83
110.50
109.63
115.00
116.44
122.44
121.00
120.89
121.79
120.91
125.20
129.61
131.88
130.98
135.58
130.78
126.57
118.11
126.09
126.40
123.99
123.54
124.30
122.67
128.28
125.83
128.20
131.38
134.91
127.40
129.24
128.44
126.36
117.99
121.09
117.93
123.54
122.59
114.25
112.28
113.06
111.59
103.73
117.02
109.21
107.27
100.45
104.25
98.91
104.97
104.75
109.02
116.14
118.08
122.86
124.58
130.00
127.25
128.50
123.74
129.37
126.46
128.30
125.61
117.59
119.37
108.00
106.21
107.21
102.83
106.47
108.10
116.91
119.14
119.10
116.78
115.59
113.37
117.87
116.00
116.26
120.87
123.51
124.04
121.40
121.44
117.00
118.85
122.85
124.92
127.72
132.89
132.65
134.81
134.80
138.07
131.60
135.72
136.93
138.00
143.71
143.59
139.56
140.41
141.54
140.52
141.25
139.34
132.76
135.40
136.05
139.91
145.61
148.88
147.63
145.26
148.29
146.27
146.76
141.98
140.15
147.01
145.89
146.67
141.95
136.02
136.92
135.34
138.25
138.63
140.26
145.14
145.06
142.44
138.81
135.07
139.31
137.34
134.25
132.00
130.39
128.91
130.68
134.70
139.67
140.22
139.93
137.01
137.49
134.29
138.31
144.47
149.43
140.14
140.11
135.91
133.23
131.76
136.24
133.57
137.71
140.83
147.07
147.22
142.62
118.42
128.99
123.70
124.65
120.07
116.66
118.65
124.83
128.68
129.84
133.57
132.80
131.14
135.29
138.85
139.40
139.23
140.11
134.43
130.28
126.63
131.28
120.15
124.92
114.06
115.99
